1.353999999999999915e+01 1.662999999999999901e+01
1.515000000000000036e+01 1.664999999999999858e+01
1.687000000000000099e+01 1.399000000000000021e+01
1.110999999999999943e+01 1.326999999999999957e+01
1.662000000000000099e+01 1.667000000000000171e+01
1.883999999999999986e+01 1.650000000000000000e+01
1.521000000000000085e+01 1.497000000000000064e+01
1.439000000000000057e+01 1.358000000000000007e+01
1.388000000000000078e+01 1.253999999999999915e+01
1.316000000000000014e+01 1.124000000000000021e+01
1.444999999999999929e+01 1.439000000000000057e+01
1.215000000000000036e+01 1.339000000000000057e+01
1.330000000000000071e+01 1.280000000000000071e+01
1.555000000000000071e+01 1.207000000000000028e+01
1.209999999999999964e+01 9.859999999999999432e+00
1.490000000000000036e+01 1.723000000000000043e+01
1.650000000000000000e+01 1.432000000000000028e+01
1.388000000000000078e+01 1.171000000000000085e+01
1.573000000000000043e+01 1.506000000000000050e+01
1.216999999999999993e+01 1.349000000000000021e+01
1.044999999999999929e+01 1.146000000000000085e+01
1.150999999999999979e+01 1.452999999999999936e+01
1.550999999999999979e+01 1.725000000000000000e+01
1.584999999999999964e+01 1.689999999999999858e+01
1.464000000000000057e+01 1.452999999999999936e+01
1.311999999999999922e+01 1.288000000000000078e+01
1.166000000000000014e+01 1.090000000000000036e+01
1.557000000000000028e+01 1.266999999999999993e+01
1.635000000000000142e+01 1.572000000000000064e+01
1.214000000000000057e+01 1.071000000000000085e+01
